30 59
8 18 11 17
8 23 17 15
1 12 11 7
19 17 24 22
23 9 8 20
21 17 26 10
4 19 12 29
19 29 7 7
19 24 12 19
24 26 19 10
12 23 4 18
8 22 26 11
23 18 16 26
28 14 8 14
6 12 21 12
28 18 13 21
21 28 17 3
5 14 11 20
28 13 19 28
27 18 18 8
7 21 28 23
25 13 0 17
15 17 4 24
15 19 7 0
3 26 10 25
26 20 7 6
17 10 28 17
8 9 5 21
2 26 12 9
18 29 21 10
7 20 10 24
23 5 11 18
24 12 4 9
9 19 26 13
1 0 15 12
9 8 3 8
29 9 15 24
22 14 3 18
15 16 15 1
1 29 19 4
9 12 27 21
2 23 9 4
18 24 14 18
22 7 8 1
20 29 24 3
3 2 12 17
10 11 15 20
16 6 24 0
6 5 29 17
29 20 26 16
14 18 0 9
29 11 26 20
24 22 1 13
1 5 15 9
26 10 27 26
20 20 2 6
6 28 15 2
22 6 0 0
6 17 16 13
00000000000000000000000000000
00000000000000000000000000000
00000000000000000000000000000
00000000000000000000000000000
00000000000000000000000000000
00000000000000000000000000000
00000000000000000000000000000
00000000000000000000000000000
00000000000000000000000000000
00000000000000000000000000000
00000000000100000000000000000
00000000000100000000000000000
00000000000100000000000000000
00000000000100000000000000000
00000000000100000000000000000
00000000000100000000000000000
00000000000100000000000000000
00000000000100000000000000000
00000000000100000000000000000
00000000000100000000000000000
00000000000100000000000000000
00000000000100000000000000000
00000000000100000000000000000
00000000000100000000000000000
00000000000100000000000000000
00000000000100000000000000000
00000000000100000000000000000
00000000000100000000000000000
00000000000000000000000000000
00000000000000000000000000000
000000000000000000000000000000
000000000000000000000000000000
000000000000000000000000000000
000000000000000000000000000000
000000000000000000000000000000
000000000000000000000000000000
000000000000000000000000000000
000000000000000000000000000000
000000000000000000000000000000
000000000000000000000000000000
000000000000000000000000000000
000000000000000000000000000000
000000000000000000000000000000
000000000000000000000000000000
000000000000000000000000000000
000000000000000000000000000000
000000000000000000000000000000
000000000000000000000000000000
000000000000000000000000000000
000000000000000000000000000000
000000000000000000000000000000
000000000000000000000000000000
000000000000000000000000000000
000000000000000000000000000000
000000000000000000000000000000
000000000000000000000000000000
000000000000000000000000000000
000000000000000000000000000000
000000000000000000000000000000
