30 74
29 17 29 0
10 16 13 6
28 12 29 8
7 10 18 6
19 12 1 13
25 11 17 23
1 8 0 3
12 14 7 11
23 9 9 0
26 29 28 4
17 29 2 22
21 5 25 1
24 3 12 29
4 10 18 27
21 26 12 5
29 1 14 12
13 19 2 2
24 25 1 27
20 13 14 10
1 16 19 12
6 19 13 26
10 17 18 21
11 18 8 22
4 23 15 4
16 29 26 21
29 26 8 16
15 14 16 23
22 27 20 3
16 19 24 8
8 16 24 25
18 26 3 6
25 4 8 1
9 23 6 9
2 19 16 18
29 20 21 4
6 14 15 23
4 27 4 4
11 24 10 28
15 25 1 0
4 18 26 9
13 4 17 0
3 13 1 25
15 7 19 19
0 29 21 14
9 14 3 3
13 13 14 1
5 21 20 29
10 22 10 7
20 6 27 23
24 1 27 25
16 10 20 20
28 6 5 21
2 2 6 29
4 8 1 21
9 0 10 16
8 20 7 7
3 11 6 16
7 5 17 7
17 10 26 29
1 20 4 18
9 1 17 3
27 12 13 12
18 28 8 15
7 17 22 2
3 2 7 5
16 6 1 16
6 3 26 0
27 15 14 11
28 8 24 1
3 16 10 23
27 16 5 13
26 28 9 13
26 11 2 11
14 23 1 10
00000000000000000000000000000
00000000000000000000000000000
00000000000000000000000000000
00000000000000000000000000000
00000000000000000000000000000
00000000000000000000000000000
00000000000000000000000000000
00000000000000000000000000000
00000000000000000000000000000
00000000000000000000000000000
00000000000000000000000000000
00000000000000000000000000000
00000000000000000000000000000
00000000000000000000000000000
00000000000000000000000000000
00000000000000000000000000000
00000000000000000000000000000
00000000000000000000000000000
00000000000000000000000000000
00000000000000000000000000000
00000000000000000000000000000
00000000000000000000000000000
00000000000000000000000000000
00000000000000000000000000000
00000000000000000000000000000
00000000000000000000000000000
00000000000000000000000000000
00000000000000000000000000000
00000000000000000000000000000
00000000000000000000000000000
000000000000000000000000000000
000000000000000000000000000000
000000000000000000000000000000
000000000000000000000000000000
000000000000000000000000000000
000000000000000000000000000000
000000000000000000000000000000
000000000000000000000000000000
000000000000000000000000000000
000000000000000000000000000000
000000000000000000000000000000
000000000000000000000000000000
000000000000000000000000000000
000000000000000000000000000000
000000000000000000000000000000
000000000000000000000000000000
000000000001111111111100000000
000000000000000000000000000000
000000000000000000000000000000
000000000000000000000000000000
000000000000000000000000000000
000000000000000000000000000000
000000000000000000000000000000
000000000000000000000000000000
000000000000000000000000000000
000000000000000000000000000000
000000000000000000000000000000
000000000000000000000000000000
000000000000000000000000000000
