30 76
6 13 0 28
3 16 25 24
4 11 28 19
21 14 16 25
16 7 15 21
7 0 3 25
0 8 27 16
4 10 5 5
21 4 17 22
22 4 28 23
27 28 5 8
26 10 18 25
13 26 14 17
13 19 24 22
14 17 3 28
20 22 9 3
11 6 6 24
9 16 24 10
3 17 29 26
13 27 15 23
28 29 16 24
2 26 17 3
26 2 2 15
23 4 11 29
3 3 22 9
19 11 5 26
2 17 10 24
20 16 14 8
21 28 22 6
7 4 9 20
12 15 2 0
17 7 5 18
25 7 8 18
24 10 23 10
14 21 3 16
5 21 1 28
0 20 2 4
15 7 4 4
25 18 0 25
12 24 4 16
7 3 15 10
26 29 8 4
23 23 12 28
12 11 24 28
10 7 9 24
18 28 16 15
16 6 20 11
3 28 10 11
14 25 28 15
20 8 24 25
0 16 2 25
17 15 21 16
18 25 27 9
21 21 8 7
22 12 23 8
10 4 8 21
13 24 5 24
24 25 6 1
1 12 2 27
7 10 3 24
2 0 27 24
9 24 10 29
25 1 21 25
5 25 15 22
12 25 27 22
6 6 0 23
1 24 11 24
17 19 21 8
19 8 23 0
24 27 12 10
27 15 11 6
3 2 0 11
17 25 14 23
1 21 13 20
12 10 3 23
11 15 29 24
00000010000000000000000000000
00000010000000000000000000000
00000010000000000000000000000
00000010000000000000000000000
00000010000000000000000000000
00000010000000000000000000000
00000000000000000000000000000
00000000000000000000000000000
00000000000000000000000000000
00000000000000000000000000000
00000000000000000000000000000
00000000000000000000000000000
00000000000000000000000000000
00000000000000000000000000000
00000000000000000000000000000
00000000000000000000000000000
00000000000000000000000000000
00000000000000000000000000000
00000000000000000000000000000
00000000000000000000000000000
00000000000000000000000000000
00000000000000000000000000000
00000000000000000000000000000
00000000000000000000000000000
00000000000000000000000000000
00000000000000000000000000000
00000000000000000000000000000
00000000000000000000000000000
00000000000000000000000000000
00000000000000000000000000000
000000000000000000000000000000
000000000000000000000000000000
000000000000000000000000000000
000000000000000000000000000000
000000000000000000000000000000
000000000000000000000000000000
000000000000000000000000000000
000000000000000000000000000000
000000000000000000000000000000
000000000000000000000000000000
000000000000000000000000000000
000000000000000000000000000000
000000000000000000000000000000
000000000000000000000000000000
000000000000000000000000000000
000000000000000000000000000000
000000000000000000000000000000
000000000000000000000000000000
000000000000000000000000000000
000000000000000000000000000000
000000000000000000000000000000
000000000000000000000000000000
000000000000000000000000000000
000000000000000000000000000000
000000000000000000000000000000
000000000000000000000000000000
000000000000000000000000000000
000000000000000000000000000000
000000000000000000000000000000
