30 58
26 20 7 9
22 26 8 20
7 19 17 9
11 26 9 15
11 14 23 24
22 0 2 29
5 0 21 28
14 8 14 23
24 6 26 12
25 8 15 4
19 23 7 25
2 11 12 20
22 28 1 13
16 7 0 14
24 17 0 28
20 16 0 10
21 23 10 24
20 4 9 7
0 2 22 29
21 2 12 23
24 14 22 6
8 28 4 26
11 18 27 28
4 1 7 24
17 9 26 23
20 20 22 2
23 29 1 0
18 3 7 12
28 28 19 13
2 19 4 9
27 17 21 19
19 2 7 4
17 7 21 26
13 23 14 22
11 6 22 9
7 3 4 23
18 22 15 29
20 23 12 24
7 21 22 24
1 28 2 4
2 2 23 23
12 0 29 10
25 14 26 2
28 14 21 20
3 11 9 16
18 8 19 6
1 18 8 5
10 29 7 28
22 27 0 17
14 13 20 21
29 6 1 6
17 1 26 21
13 26 21 24
13 15 2 22
4 2 24 14
21 7 18 21
10 7 13 14
14 19 27 3
00000000000000000000000000000
00000000000000000000000000000
00000000000000000000000000000
00000000000000000000000000000
00000000000000000000000000000
00000000000000000000000000000
00000000000000000000000000000
00000000000000000000000000000
00000000000000000000000000000
00000000000000000000000000000
00000000000000000000000000000
00000000000000000000000000000
00001000000000000000000000000
00001000000000000000000000000
00001000000000000000000000000
00001000000000000000000000000
00001000000000000000000000000
00001000000000000000000000000
00001000000000000000000000000
00001000000000000000000000000
00001000000000000000000000000
00001000000000000000000000000
00001000000000000000000000000
00001000000000000000000000000
00001000000000000000000000000
00001000000000000000000000000
00001000000000000000000000000
00001000000000000000000000000
00000000000000000000000000000
00000000000000000000000000000
000000000000000000000000000000
000000000000000000000000000000
000000000000000000000000000000
000000000000000000000000000000
000000000000000000000000000000
000000000000000000000000000000
000000000000000000000000000000
000000000000000000000000000000
000000000000000000000000000000
000000000000000000000000000000
000000000000000000000000000000
000000000000000000000000000000
000000000000000000000000000000
000000000000000000000000000000
000000000000000000000000000000
000000000000000000000000000000
000000000000000000000000000000
000000000000000000000000000000
000000000000000000000000000000
000000000000000000000000000000
000000000000000000000000000000
000000000000000000000000000000
000000000000000000000000000000
000000000000000000000000000000
000000000000000000000000000000
000000000000000000000000000000
000000000000000000000000000000
000000000000000000000000000000
000000000000000000000000000000
