30 12
15 6 25 15
22 11 25 10
4 2 23 24
22 19 26 11
16 22 28 22
21 18 23 0
12 21 2 8
8 18 3 16
20 13 5 3
15 0 4 12
8 1 20 9
21 10 23 11
00000000000000000000000100000
00000000000000000000000100000
00000000000000000000000100000
00000000000000000000000100000
00000000000000000000000100000
00000000000000000000000100000
00000000000000000000000100000
00000000000000000000000100000
00000000000000000000000100000
00000000000000000000000100000
00000000000000000000000100000
00000000000000000000000100000
00000000000000000000000100000
00000000000000000000000100000
00000000000000000000000000000
00000000000000000000000000000
00000000000000000000000000000
00000000000000000000000000000
00000000000000000000000000000
00000000000000000000000000000
00000000000000000000000000000
00000000000000000000000000000
00000000000000000000000000000
00000000000000000000000000000
00000000000000000000000000000
00000000000000000000000000000
00000000000000000000000000000
00000000000000000000000000000
00000000000000000000000000000
00000000000000000000000000000
000000000000000000000000000000
000000000000000000000000000000
000000000000000000000000000000
000000000000000000000000000000
000000000000000000000000000000
000000000000000000000000000000
000000000000000000000000000000
000000000000000000000000000000
000000000000000000000000000000
000000000000000000000000000000
000000000000000000000000000000
000000000000000000000000000000
000000000000000000000000000000
000000000000000000000000000000
000000000000000000000000000000
000000000000000000000000000000
000000000000000000000000000000
001111111111111111111000000000
000000000000000000000000000000
000000000000000000000000000000
000000000000000000000000000000
000000000000000000000000000000
000000000000000000000000000000
000000000000000000000000000000
000000000000000000000000000000
000000000000000000000000000000
000000000000000000000000000000
000000000000000000000000000000
000000000000000000000000000000
