30 97
4 26 26 2
8 27 20 15
18 19 26 11
4 28 16 23
24 1 17 2
22 0 11 16
21 19 21 15
9 15 1 17
8 1 12 0
11 16 16 3
12 16 12 9
3 17 16 25
2 10 24 15
29 14 16 19
0 15 6 0
3 6 12 14
13 16 5 25
27 18 20 4
4 25 16 5
15 13 9 7
3 21 14 14
26 18 2 4
26 6 9 0
3 18 1 25
5 8 6 21
11 1 16 13
11 13 18 22
22 26 12 1
19 23 1 29
9 24 15 24
14 10 19 6
15 3 9 29
18 8 7 21
16 28 24 14
22 10 19 23
23 4 8 11
16 3 27 28
12 11 2 17
4 2 5 26
28 8 29 12
2 12 17 5
10 6 28 6
17 0 27 25
22 20 15 14
12 20 21 24
3 23 22 4
0 12 6 8
23 10 8 10
11 21 16 9
14 4 12 25
0 1 1 18
19 3 10 19
18 15 25 3
18 17 10 26
7 15 11 8
2 18 5 15
6 7 24 27
25 8 4 5
28 16 16 14
1 17 25 9
21 24 15 16
25 22 10 15
29 4 26 17
13 1 10 6
20 27 27 21
10 25 4 28
0 19 20 6
17 17 8 1
25 29 20 23
5 4 22 27
1 3 9 27
18 25 24 11
16 6 7 22
27 6 0 24
23 5 23 26
29 6 22 7
0 21 17 20
19 2 29 16
8 23 0 14
17 24 8 6
25 16 21 21
25 15 11 6
24 18 2 1
1 6 21 16
3 5 5 23
14 15 0 13
16 7 21 19
1 16 27 9
26 10 10 22
29 27 27 0
17 13 28 26
2 9 19 1
9 4 18 25
8 14 14 7
18 6 19 14
26 17 14 0
7 4 7 12
00000000000000000000000000000
00000000000000000000000000000
00000000000000000000000000000
00000000000000000000000000000
00000000000000000000000000000
00000000000000000000000000000
00000000000000000000000000000
00000000000000000000000000000
00000000000000000000000000000
00000000000000000000000000000
00000000000000000000000000000
00000000000000010000000000000
00000000000000010000000000000
00000000000000010000000000000
00000000000000010000000000000
00000000000000010000000000000
00000000000000010000000000000
00000000000000010000000000000
00000000000000010000000000000
00000000000000010000000000000
00000000000000010000000000000
00000000000000010000000000000
00000000000000000000000000000
00000000000000000000000000000
00000000000000000000000000000
00000000000000000000000000000
00000000000000000000000000000
00000000000000000000000000000
00000000000000000000000000000
00000000000000000000000000000
000000000000000000000000000000
000000000000000000000000000000
000000000000000000000000000000
000000000000000000000000000000
000000000000000000000000000000
000000000000000000000000000000
000000000000000000000000000000
000000000000000000000000000000
000000000000000000000000000000
000000000000000000000000000000
000000000000000000000000000000
000000000000000000000000000000
000000000000000000000000000000
000000000000000000000000000000
000000000000000000000000000000
000000000000000000000000000000
000000000000000000000000000000
000000000000000000000000000000
000000000000000000000000000000
000000000000000000000000000000
000000000000000000000000000000
000000000000000000000000000000
000000000000000000000000000000
000000000000000000000000000000
000000000000000000000000000000
000000000000000000000000000000
000000000000000000000000000000
000000000000000000000000000000
000000000000000000000000000000
