30 70
22 2 20 16
12 1 24 4
5 5 9 20
18 20 10 10
3 5 12 15
25 28 28 21
16 13 19 0
13 28 21 5
25 7 2 10
8 26 16 4
18 28 20 20
14 8 14 15
22 4 6 9
3 6 2 21
9 6 12 21
23 0 6 25
29 3 16 19
10 10 27 0
7 12 14 28
3 16 14 10
14 13 20 5
29 1 19 4
2 16 23 4
17 22 25 18
12 18 26 18
4 13 23 10
27 13 13 10
24 2 11 6
11 18 18 12
2 19 1 8
23 26 29 17
17 7 28 26
8 12 14 14
12 8 7 4
14 28 28 28
28 15 23 5
10 0 16 27
21 13 14 13
19 19 11 22
23 21 26 29
11 25 11 15
8 0 28 17
2 26 13 21
15 25 27 11
25 21 9 4
0 26 9 18
3 3 16 0
15 15 27 21
13 11 10 29
29 25 12 9
13 7 5 16
25 8 21 4
24 11 10 20
14 17 29 28
1 0 24 25
12 6 0 22
25 12 5 9
20 15 8 21
9 28 29 6
1 14 7 6
1 1 19 28
29 9 18 15
25 2 20 29
21 6 9 26
24 26 3 11
17 27 2 13
5 28 12 1
1 6 12 10
7 23 18 5
25 22 29 12
00000000000000000000000000000
00000000000000000000000000000
00000000000000000000000000000
00000000000000000000000000000
00000000000000000000000000000
00000000000000000000000000000
00000000000000000000000000000
00000000000000000000000000000
00000000000000000000000000000
00000000000000000000000000000
00000000000000000000000000000
00000000000000000000000000000
00000000000000000000000000000
00000000000000000000000000000
00000000000000000000000000000
00000000000000000000000000000
00000000000000000000000000000
00000000000000000000000000000
00000000000000000000000000000
00000000000000000000000000000
00000000000000000000000000000
00000000000000000000000000000
00000000000000000000000000000
00000000000000000000000000000
00000000000000000000000000000
00000000000000000000000000000
00000000000000000000000000000
00000000000000000000000000000
00000000000000000000000000000
00000000000000000000000000000
000000000000000000000000000000
000000000000000000000000000000
000000000000000000000000000000
000000000000000000000000000000
000000000000000000000000000000
000000000000000000000000000000
000000000000000000000000000000
000000000000000000000000000000
000000000000000000000000000000
000000000000000000000000000000
000000000000000000000000000000
000000000000000000000000000000
000000000000000000000000000000
000000000000000000000000000000
000000000000000000000000000000
000000000000000000000000000000
000000000000000000000000000000
000000000000000000000000000000
000000000000000000000000000000
000000000000000000000000000000
000000000000000000000000000000
000000000000000000000000000000
000000000000000000111111111100
000000000000000000000000000000
000000000000000000000000000000
000000000000000000000000000000
000000000000000000000000000000
000000000000000000000000000000
000000000000000000000000000000
