30 16
5 20 26 24
9 20 21 28
15 0 17 2
16 20 12 24
29 12 7 23
18 23 20 20
19 29 23 7
26 14 11 21
23 28 4 2
24 28 14 19
20 22 14 29
21 15 17 1
26 16 23 11
24 3 1 16
23 3 22 3
0 0 4 28
00000000000000000000000000000
00000000000000000000000000000
00000000000000000000000000000
00000000000000000000000000000
00000000000000000000000000000
00000000000000000000000000000
00000000000000000000000000000
00000000000000000000000000000
00000000000000000000000000000
00000000000000000000000000000
00000000000000000000000000000
00000000000000000000000000000
00000000000000000000000000000
00000000000000000000000000000
00000000000000000000000000000
00000000000000000000010000000
00000000000000000000010000000
00000000000000000000010000000
00000000000000000000010000000
00000000000000000000010000000
00000000000000000000010000000
00000000000000000000010000000
00000000000000000000010000000
00000000000000000000010000000
00000000000000000000010000000
00000000000000000000010000000
00000000000000000000010000000
00000000000000000000010000000
00000000000000000000010000000
00000000000000000000010000000
000000000000000000000000000000
000000000000000000000000000000
000000000000000000000000000000
000000000000000000000000000000
000000000000000000000000000000
000000000000000000000000000000
000000000000000000000000000000
000000000000000000000000000000
000000000000000000000000000000
000000000000000000000000000000
000000000000000000000000000000
000000000000000000000000000000
000000000000000000000000000000
000000000000000000000000000000
000000000000000000000000000000
000000000000000000000000000000
000000000000000000000000000000
000000000000000000000000000000
000000000000000000000000000000
000111111111111111111100000000
000000000000000000000000000000
000000000000000000000000000000
000000000000000000000000000000
000000000000000000000000000000
000000000000000000000000000000
000000000000000000000000000000
000000000000000000000000000000
000000000000000000000000000000
000000000000000000000000000000
