30 66
29 26 20 13
8 3 18 16
22 0 28 1
24 23 5 28
15 14 26 28
22 13 8 12
3 12 26 29
18 4 23 5
8 5 14 10
9 10 25 7
1 10 7 24
14 23 11 22
21 17 29 14
15 1 19 0
19 9 2 26
20 4 19 1
5 24 21 25
11 17 21 1
12 15 24 13
19 24 17 6
26 22 14 25
9 18 20 5
17 25 13 21
18 23 29 7
25 4 6 27
21 0 17 9
16 25 10 28
3 27 12 16
6 11 25 6
10 23 14 5
0 4 1 23
6 13 10 19
9 26 8 26
5 20 9 22
0 13 2 0
10 1 0 4
8 22 10 18
2 20 22 6
3 6 3 8
29 13 25 12
7 10 6 6
7 27 28 12
29 7 10 16
3 25 19 26
9 28 13 18
12 12 19 19
12 5 18 13
29 8 9 2
7 8 23 8
12 21 20 6
29 12 17 21
10 7 3 25
22 5 6 20
7 18 23 7
17 26 19 21
16 16 27 25
14 29 25 22
19 3 8 2
19 2 18 17
5 6 0 26
23 7 1 14
21 1 0 14
26 27 6 24
2 0 8 19
8 12 25 26
15 2 21 26
00000000000000000000000000000
00000000000000000000000000000
00000000000000000000000000000
00000000000000000000000000000
00000000000000000000000000000
00000000000000000000000000000
00000000000000000000000000000
00000000000000010000000000000
00000000000000010000000000000
00000000000000010000000000000
00000000000000010000000000000
00000000000000010000000000000
00000000000000010000000000000
00000000000000010000000000000
00000000000000010000000000000
00000000000000010000000000000
00000000000000010000000000000
00000000000000010000000000000
00000000000000010000000000000
00000000000000010000000000000
00000000000000010000000000000
00000000000000010000000000000
00000000000000010000000000000
00000000000000010000000000000
00000000000000000000000000000
00000000000000000000000000000
00000000000000000000000000000
00000000000000000000000000000
00000000000000000000000000000
00000000000000000000000000000
000000000000000000000000000000
000000000000000000000000000000
000000000000000000000000000000
000000000000000000000000000000
000000000000000000000000000000
000000000000000000000000000000
000000000000000000000000000000
000000000000000000000000000000
000000000000000000000000000000
000000000000000000000000000000
000000000000000000000000000000
000000000000000000000000000000
000000000000000000000000000000
000000000000000000000000000000
000000000000000000000000000000
000000000000000000000000000000
000000000000000000000000000000
000000000000000000000000000000
000001111111111000000000000000
000000000000000000000000000000
000000000000000000000000000000
000000000000000000000000000000
000000000000000000000000000000
000000000000000000000000000000
000000000000000000000000000000
000000000000000000000000000000
000000000000000000000000000000
000000000000000000000000000000
000000000000000000000000000000
