30 60
28 12 2 28
19 20 3 27
22 20 10 8
23 27 0 11
23 6 11 11
8 26 7 17
4 2 4 7
27 23 1 7
6 10 17 12
2 25 15 4
10 21 28 26
7 22 7 3
2 28 16 26
13 6 5 23
27 14 20 10
19 7 23 22
19 10 11 21
7 9 0 8
22 2 6 17
20 5 21 20
6 25 4 19
29 3 27 7
26 14 10 22
18 2 29 3
2 4 4 20
4 29 2 24
7 29 10 10
8 9 0 13
29 23 1 16
19 8 17 17
25 7 11 10
22 18 22 27
10 13 26 16
4 4 28 14
12 20 15 21
28 26 1 28
9 3 21 14
3 23 20 3
15 27 8 6
9 29 17 11
14 15 25 10
12 11 27 29
27 11 29 14
14 0 7 29
16 26 15 2
20 7 1 26
5 21 9 22
19 18 2 26
24 16 14 24
29 12 17 6
7 2 9 17
16 27 22 11
16 5 25 24
22 22 18 9
24 22 22 2
2 7 5 5
12 23 0 1
8 21 11 2
26 5 20 27
28 14 6 2
00000000000000000000000000000
00000000000000000000000000000
00000000000000000000000000000
00000000000000000000000000000
00000000000000000000000000000
00000000000000000000000000000
00000000000000000000000000000
00000000000000000000000000000
00000000000000000000000000000
00000000000000000000000000000
00000000000000000000000000000
00000000000000000000000000000
00000000000000000000000000000
00000000000000000000000000000
00000000000000000000000000000
00000000000000000000000000000
00000000000000000000000000000
00000000000000000000000000000
00000000000000000000000000000
00000000000000000000000000000
00000000000000000000000000000
00000000000000000000000000000
00000000000000000000000000000
00000000000000000000000000000
00000000000000000000000000000
00000000000000000000000000000
00000000000000000000000000000
00000000000000000000000000000
00000000000000000000000000000
00000000000000000000000000000
000000000000000000000000000000
000000000000000000000000000000
000000000000000000000000000000
000000000000000000000000000000
000000000000000000000000000000
000000000000000000000000000000
000000000000000000000000000000
000000000000000000000000000000
000000000000000000000000000000
000000000000000000000000000000
000000000000000000000000000000
000000000000000000000000000000
000000000000000000000000000000
000000000000000000000000000000
000000000000000000000000000000
111111111000000000000000000000
000000000000000000000000000000
000000000000000000000000000000
000000000000000000000000000000
000000000000000000000000000000
000000000000000000000000000000
000000000000000000000000000000
000000000000000000000000000000
000000000000000000000000000000
000000000000000000000000000000
000000000000000000000000000000
000000000000000000000000000000
000000000000000000000000000000
000000000000000000000000000000
