30 59
4 18 16 25
5 8 28 17
23 20 1 12
7 19 26 7
19 25 20 20
9 26 8 21
7 13 6 18
8 23 16 3
2 28 7 3
13 19 28 25
13 17 17 25
16 2 9 24
19 7 23 9
13 23 10 4
29 13 11 29
17 3 26 0
8 29 28 22
6 23 11 1
6 0 20 19
18 11 25 21
28 25 7 20
20 20 4 24
24 23 2 17
0 25 17 19
0 27 25 26
16 24 11 22
0 11 21 0
8 5 12 16
14 20 21 26
4 15 23 19
11 27 11 4
29 8 27 5
20 6 24 8
12 0 14 12
17 11 6 26
2 8 12 4
26 23 8 5
2 16 28 16
26 24 28 19
18 21 5 24
23 17 26 22
11 24 28 5
4 8 15 23
20 10 29 2
5 2 26 19
21 14 8 18
16 7 11 11
9 28 13 9
10 5 4 22
3 26 5 2
5 20 21 6
24 29 8 13
28 24 12 23
18 0 8 6
24 8 10 6
29 18 11 9
13 7 5 28
12 7 4 21
10 4 2 28
00000000001000000000000000000
00000000001000000000000000000
00000000001000000000000000000
00000000001000000000000000000
00000000001000000000000000000
00000000001000000000000000000
00000000001000000000000000000
00000000001000000000000000000
00000000001000000000000000000
00000000001000000000000000000
00000000001000000000000000000
00000000001000000000000000000
00000000001000000000000000000
00000000001000000000000000000
00000000001000000000000000000
00000000001000000000000000000
00000000000000000000000000000
00000000000000000000000000000
00000000000000000000000000000
00000000000000000000000000000
00000000000000000000000000000
00000000000000000000000000000
00000000000000000000000000000
00000000000000000000000000000
00000000000000000000000000000
00000000000000000000000000000
00000000000000000000000000000
00000000000000000000000000000
00000000000000000000000000000
00000000000000000000000000000
000000000000000000000000000000
000000000000000000000000000000
000000000000000000000000000000
000000000000000000000000000000
000000000000000000000000000000
000000000000000000000000000000
000000000000000000000000000000
000000000000000000000000000000
000000000000000000000000000000
000000000000000000000000000000
000000000000000000000000000000
000000000000000000000000000000
000000000000000000000000000000
000000000000000000000000000000
000000000000000000000000000000
000000000000000000000000000000
000000000000000000000000000000
000000000000000000000000000000
000000000000000000000000000000
000000000000000000000000000000
000000000000000000000000000000
000000000000000000000000000000
000000000000000000000000000000
000000001111111111110000000000
000000000000000000000000000000
000000000000000000000000000000
000000000000000000000000000000
000000000000000000000000000000
000000000000000000000000000000
