30 88
5 8 7 11
1 7 16 10
20 2 22 20
2 27 11 15
23 19 11 24
17 18 0 8
17 16 16 27
5 5 17 19
7 26 0 1
8 5 19 18
2 29 25 2
20 1 14 1
11 25 11 16
10 18 16 21
11 18 20 8
23 8 18 22
8 2 21 5
10 4 20 14
19 0 21 8
27 9 11 25
26 17 15 8
13 11 19 28
6 5 12 1
24 2 0 22
0 2 22 8
10 8 6 8
15 7 29 16
19 15 19 13
12 1 19 22
2 14 24 26
11 1 6 26
13 1 22 26
9 13 23 23
2 18 9 15
27 3 27 16
25 13 16 3
24 13 17 8
19 17 28 19
5 14 1 24
14 24 27 15
17 19 4 2
21 18 17 13
13 4 15 15
21 16 3 7
5 16 21 10
0 19 14 22
14 1 8 5
27 15 20 11
11 20 20 26
15 24 5 13
15 22 2 4
9 25 24 12
19 19 3 17
14 25 18 27
9 10 8 24
9 26 8 8
10 24 20 19
0 3 28 13
24 22 20 24
24 19 16 15
6 29 6 11
9 21 25 3
28 10 27 18
5 11 26 22
23 11 2 13
7 6 12 25
29 21 14 14
23 17 11 20
26 18 5 4
19 4 21 0
10 17 15 27
6 23 12 18
25 26 27 0
14 20 13 7
25 12 17 28
27 13 23 24
2 24 12 20
18 11 1 13
3 16 9 1
23 24 20 23
3 2 4 13
22 12 22 2
17 14 27 29
6 28 29 29
16 5 28 22
3 24 27 17
6 24 19 21
8 14 18 4
00000000000000000000000000000
00000000000000000000000000000
00000000000000000000000000000
00000000000000000000000000000
00000000000000000000000000000
00000000000000000000000000000
00000000000000000000000000000
00000000000000000000000000000
00000000000000000000000000000
00000000000000000000000000000
00000000000001000000000000000
00000000000001000000000000000
00000000000001000000000000000
00000000000001000000000000000
00000000000001000000000000000
00000000000001000000000000000
00000000000001000000000000000
00000000000001000000000000000
00000000000001000000000000000
00000000000001000000000000000
00000000000001000000000000000
00000000000001000000000000000
00000000000001000000000000000
00000000000001000000000000000
00000000000001000000000000000
00000000000001000000000000000
00000000000001000000000000000
00000000000001000000000000000
00000000000001000000000000000
00000000000001000000000000000
000000000000000000000000000000
000000000000000000000000000000
000000000000000000000000000000
000000000000000000000000000000
000000000000000000000000000000
000000000000000000000000000000
000000000000000000000000000000
000000000000000000000000000000
000000000000000000000000000000
000000000000000000000000000000
000000000000000000000000000000
000000000000000000000000000000
000000000000000000000000000000
000000000000000000000000000000
000000000000000000000000000000
000000000000000000000000000000
000000000000000000000000000000
000000000000000000000000000000
000000000000000000000000000000
000000000000000000000000000000
000000000000000000000000000000
000000000000000000000000000000
000000000000000000000000000000
000000000000000000000000000000
000000000000000000000000000000
000000000000000000000000000000
000000000000000000000000000000
000000000000000000000000000000
000000000000000000000000000000
