30 22
20 27 2 8
29 11 2 23
28 9 5 3
10 28 24 25
28 7 8 11
2 25 24 27
16 22 14 27
14 12 23 8
7 24 13 3
3 19 11 11
8 16 26 9
25 1 12 25
13 0 23 20
5 18 2 0
16 4 14 23
22 3 19 29
22 4 22 18
28 13 13 23
13 19 19 23
9 3 22 28
19 14 24 13
6 25 1 4
00000000000000000000000000000
00000000000000000000000000000
00000000000000000000000000000
00000000000000000000000000000
00000000000000000000000000000
00000000000000000000000000000
00000000000000000000000000000
00000000000000000000000000000
00000000000000000000000000000
00000000000000000000000000000
00000000000000000000000000000
00000000000000000000000000000
00000000000000000000000000000
00000000000000000000000000000
00000000000000000000000000000
00000000000000000000000000000
00000000000000000000000000000
00000000000000000000000000000
00000000000000000000000000000
00000000000000000000000000000
00000000000000000000000000000
00000000000000000000100000000
00000000000000000000100000000
00000000000000000000100000000
00000000000000000000100000000
00000000000000000000100000000
00000000000000000000100000000
00000000000000000000100000000
00000000000000000000100000000
00000000000000000000100000000
000000000000000000000000000000
000000000000000000000000000000
000000000000000000000000000000
000000000000000000000000000000
000000000000000000000000000000
000000000000000000000000000000
000000000000000000000000000000
000000000000000000000000000000
000000000000000000000000000000
000000000000000000000000000000
000000000000000000000000000000
000000000000000000000000000000
000000000000000000000000011111
000000000000000000000000000000
000000000000000000000000000000
000000000000000000000000000000
000000000000000000000000000000
000000000000000000000000000000
000000000000000000000000000000
000000000000000000000000000000
000000000000000000000000000000
000000000000000000000000000000
000000000000000000000000000000
000000000000000000000000000000
000000000000000000000000000000
000000000000000000000000000000
000000000000000000000000000000
000000000000000000000000000000
000000000000000000000000000000
