30 67
5 22 3 13
6 3 15 22
9 12 26 19
27 10 10 8
27 7 10 3
11 14 22 26
10 8 2 17
2 15 28 11
13 29 1 3
0 11 0 20
8 3 16 11
24 13 18 24
9 4 27 11
1 29 13 3
7 5 17 3
9 13 24 26
25 21 28 9
20 2 25 5
24 14 4 26
13 1 0 16
2 23 14 18
5 5 21 3
28 28 13 27
19 25 7 25
17 4 15 10
25 25 27 6
6 12 12 12
9 1 2 5
13 12 10 11
22 14 7 17
8 2 9 12
0 3 10 0
4 28 21 11
6 19 24 5
10 12 23 1
3 1 6 1
14 12 27 15
28 12 28 20
11 7 11 4
25 27 7 0
29 26 0 24
0 20 2 0
13 19 21 7
13 10 8 8
15 0 16 27
6 18 23 9
14 4 4 20
7 11 19 21
8 10 12 22
15 22 27 26
22 2 18 23
2 11 25 20
17 19 17 7
7 22 10 27
27 20 15 3
23 22 26 17
14 28 15 18
29 12 19 5
19 16 24 11
7 25 26 20
23 6 25 18
8 22 24 27
24 9 29 16
26 4 20 26
7 16 9 26
20 26 9 25
3 4 28 1
00000000000000000000000000000
00000000000000000000000000000
00000000000000000000000000000
00000000000000000000000000000
00000000000000000000000000000
00000000100000000000000000000
00000000100000000000000000000
00000000100000000000000000000
00000000100000000000000000000
00000000100000000000000000000
00000000100000000000000000000
00000000100000000001000000000
00000000100000000001000000000
00000000100000000001000000000
00000000100000000001000000000
00000000100000000001000000000
00000000100000000001000000000
00000000100000000001000000000
00000000100000000001000000000
00000000100000000001000000000
00000000100000000001000000000
00000000100000000001000000000
00000000100000000001000000000
00000000100000000001000000000
00000000100000000001000000000
00000000000000000000000000000
00000000000000000000000000000
00000000000000000000000000000
00000000000000000000000000000
00000000000000000000000000000
000000000000000000000000000000
000000000000000000000000000000
000000000000000000000000000000
000000000000000000000000000000
000000000000000000000000000000
000000000000000000000000000000
000000000000000000000000000000
000000000000000000000000000000
000000000000000000000000000000
000000000000000000000000000000
000000000000000000000000000000
000000000000000000000000000000
000000000000000000000000000000
000000000000000000000000000000
000000000000000000000000000000
000000000000000000000000000000
000000000000000000000000000000
000000000000000000000000000000
000000000000000000000000000000
000000000000000000000000000000
000000000000000000000000000000
000000000000000000000000000000
000000000000000000000000000000
000000000000000000000000000000
000000000000000000000000000000
000000000000000000000000000000
000000000000000000000000000000
000000000000000000000000000000
000000000000000000000000000000
