30 52
18 20 20 3
16 18 28 20
13 2 29 20
2 23 25 17
29 10 16 2
11 24 19 4
13 21 11 2
14 16 22 12
5 21 25 29
12 19 22 23
26 29 1 26
27 16 17 7
18 8 0 14
11 15 20 1
8 28 23 0
20 10 28 17
2 28 6 16
7 18 8 0
22 12 17 26
25 19 14 28
11 13 7 4
15 10 23 19
20 21 21 28
26 27 2 18
16 15 20 23
26 19 20 20
19 20 1 10
15 9 23 13
14 22 4 16
11 20 26 0
20 8 27 28
6 0 23 9
27 18 17 25
8 0 15 18
28 28 19 26
25 12 24 13
19 5 18 13
9 16 22 13
19 29 15 25
11 12 1 21
8 5 27 13
13 0 7 28
13 27 7 17
8 3 21 3
19 2 4 13
6 18 8 16
7 26 2 8
20 0 25 1
5 22 9 23
14 27 15 1
13 14 16 18
25 6 29 6
00000000000000000000000000000
00000000000000000000000000000
00000000000000000000000000000
00000000000000000000000000000
00000000000000000000000000000
00000000000000000000000000000
00000000000000000000000000000
00000000000000000000000000000
00000000000000000000000000000
00000000000100000000000000000
00000000000100000000000000000
00000000000100000000000000000
00000000000100000000000000000
00000000000100000000000000000
00000000000100000000000000000
00000000000100000000010000000
00000000000100000000010000000
00000000000100000000010000000
00000000000100000000010000000
00000000000100000000010000000
00000000000100000000010000000
00000000000100000000010000000
00000000000100000000010000000
00000000000100000000010000000
00000000000100000000010000000
00000000000000000000010000000
00000000000000000000010000000
00000000000000000000000000000
00000000000000000000000000000
00000000000000000000000000000
000000000000000000000000000000
000000000000000000000000000000
000000000000000000000000000000
000000000000000000000000000000
000000000000000000000000000000
000000000000000000000000000000
000000000000000000000000000000
000000000000000000000000000000
000000000000000000000000000000
000000000000000000000000000000
000000000000000000000000000000
000000000000000000000000000000
000000000000000000000000000000
000000000000000000000000000000
000000000000000000000000000000
000000000000000000000000000000
000000000000000000000000000000
000000000000000000000000000000
000000000000000000000000000000
000000000000000000000000000000
000000000000000000000000000000
000000000000000000000000000000
000000000000000000000000000000
000000000000000000000000000000
000000000000000000000000000000
000000000000000000000000000000
000000000000000000000000000000
000000000000000000000000000000
000000000000000000000000000000
