30 55
25 7 0 8
0 1 25 9
22 0 24 9
18 12 16 11
0 20 14 10
23 22 28 6
29 7 13 19
17 26 21 22
8 4 12 16
25 0 23 8
25 23 25 2
15 14 5 5
21 18 4 15
11 10 4 22
13 29 11 26
7 5 0 25
29 20 5 2
24 5 12 6
3 6 17 20
1 10 29 14
13 3 15 27
9 8 19 24
7 14 7 12
11 22 10 14
27 25 22 2
22 18 12 13
15 27 1 18
16 7 16 26
29 2 9 10
27 6 10 4
5 9 10 9
19 23 1 21
25 24 5 10
0 4 15 21
1 18 21 13
25 3 0 4
4 24 3 9
6 0 19 1
14 14 25 7
23 18 19 21
19 10 21 1
15 15 24 5
9 14 19 3
27 5 13 25
1 19 23 13
13 10 7 16
3 20 15 17
17 19 13 5
7 9 11 0
9 24 22 3
28 26 21 8
26 2 1 1
15 23 15 9
14 12 21 0
28 13 19 11
00000000000000000000000000000
00000000000000000000000000000
00000000000000000000000000000
00000000000000000000000000000
00000000000000000000000000000
00000000000000000000000000000
00000000000000000000000000000
00000000000000000000000000000
00000000000000000000000000000
00000000000000000000000000000
00000000000000000000000000000
00000000000000000000000000000
00000000000000000000000000000
00000000000000000000000000000
00000000000000000000000000000
00000000000000000000000000000
00000000000000000000000000000
00000000000000000000000000000
00000000000000000000000000000
00000000000000000000000000000
00000000000000000000000000000
00000000000000000000000000000
00000000000000000000000000000
00000000000000000000000000000
00000000000000000000000000000
00000000000000000000000000000
00000000000000000000000000000
00000000000000000000000000000
00000000000000000000000000000
00000000000000000000000000000
000000000000000000000000000000
000000000000000000000000000000
000000000000000000000000000000
000000000000000000000000000000
000000000000000000000000000000
000000000000000000000000000000
000000000000000000000000000000
000000000000000000000000000000
000000000000000000000000000000
000000000000000000000000000000
000000000000000000000000000000
000000000000000000000000000000
000000000000000000000000000000
000000000000000000000000000000
000000000000000000000000000000
000000000000000000000000000000
000000000000000000000000000000
000000000000000000000000000000
000000000000000000000000000000
000000000000000000000000000000
000000000000000000000000000000
000000000000000000000000000000
000000000000000000000000000000
000000000000000000000000000000
000000000000000000000000000000
000000000000000000000000000000
000000000000000000000000000000
000000000000000000000000000000
000000000000000000000000000000
