30 73
3 23 21 23
28 12 22 23
29 25 27 10
23 7 16 8
2 4 5 15
23 8 23 18
26 1 24 6
27 20 25 4
22 19 7 24
23 29 6 3
14 29 24 7
25 13 28 3
18 26 3 1
21 5 21 21
24 12 4 23
0 20 23 28
4 4 4 20
17 6 16 14
23 12 12 13
26 8 8 23
9 1 1 13
18 23 9 29
11 25 6 12
12 29 29 29
20 18 27 2
22 29 14 7
19 25 28 12
25 5 29 2
16 9 19 9
9 12 3 24
28 18 14 21
13 2 12 10
21 0 4 14
7 10 29 18
26 4 29 1
20 15 18 25
24 2 6 2
29 15 27 9
9 0 8 20
10 7 0 15
2 29 19 29
28 5 10 9
14 1 21 13
6 25 13 29
10 12 19 16
7 24 23 7
17 0 28 8
12 9 19 23
16 22 22 28
22 9 14 1
25 27 19 3
8 1 27 11
7 8 10 2
3 27 3 22
15 16 12 22
13 6 19 11
8 16 3 10
12 27 26 16
26 13 15 4
4 19 18 17
27 16 3 16
15 29 12 6
0 6 25 25
20 22 0 0
10 9 29 15
8 15 16 29
25 26 14 27
1 27 23 9
14 20 15 7
19 0 23 4
13 12 2 9
9 2 14 8
27 9 12 25
00000000000000000000000000000
00000000000000100000000000000
00000000000000100000000000000
00000000000000100000000000000
00000000000000100000000000000
00000000000000100000000000000
00000000000000100000000000000
00000000000000100000000000000
00000000000000100000000000000
00000000000000100000000000000
00000000000000100000000000000
00000000000000100000000000000
00000000000000100000000000000
00000000000000100000000000000
00000000000000100000000000000
00000000000000100000000000000
00000000000000100000000000000
00000000000000000000000000000
00000000000000000000000000000
00000000000000000000000000000
00000000000000000000000000000
00000000000000000000000000000
00000000000000000000000000000
00000000000000000000000000000
00000000000000000000000000000
00000000000000000000000000000
00000000000000000000000000000
00000000000000000000000000000
00000000000000000000000000000
00000000000000000000000000000
000000000000000000000000000000
000000000000000000000000000000
000000000000000000000000000000
000000000000000000000000000000
000000000000000000000000000000
000000000000000000000000000000
000000000000000000000000000000
000000000000000000000000000000
000000000000000000000000000000
000000000000000000000000000000
000000000000000000000000000000
000000000000000000000000000000
000000000000000000000000000000
000000000000000000000000000000
000000000000000000000000000000
111111111100000000000000000000
000000000000000000000000000000
000000000000000000000000000000
000000000000000000000000000000
000000000000000000000000000000
000000000000000000000000000000
000000000000000000000000000000
000000000000000000000000000000
000000000000000000000000000000
000000000000000000000000000000
000000000000000000000000000000
000000000000000000000000000000
000000000000000000000000000000
000000000000000000000000000000
