30 36
24 0 16 3
8 2 28 15
26 9 2 4
8 19 20 18
20 6 27 22
28 27 2 14
2 1 1 4
20 16 28 14
0 11 11 26
7 6 3 14
20 28 23 25
6 27 8 11
29 18 19 26
17 11 4 7
16 12 26 23
9 26 0 18
17 29 13 1
12 16 13 6
18 8 14 0
15 7 24 2
12 22 17 27
13 5 24 25
15 14 20 23
0 6 5 11
2 24 7 2
9 2 17 5
14 25 18 2
11 28 9 25
26 7 18 11
12 28 2 25
16 8 3 15
8 13 6 17
2 0 2 3
12 23 26 14
20 26 25 25
0 29 28 16
00000000000000000000000000000
00000000000000000000000000000
00000000000000000000000000000
00000000000000000000000000000
00000000000000000000000000000
00000000000000000000000000000
00000000000000000000000000000
00000000000000000000000000000
00000000000000000000000000000
00000000000000000000000000000
00000000000000000000000000000
00000000000000000000000000000
00000000000000000000000000000
00000000000000000000000000000
00000000000000000000000000000
00000000000000000000000000000
00000000000000000000000000000
00000000000000000000000000000
00000000000000000000000000000
00000000000000000000000000000
00000000000000000000000000000
00000000000000000000000000000
00000000000000000000000000000
00000000000000000000000000000
00000000000000000000000000000
00000000000000000000000000000
00000000000000000000000000000
00000000000000000000000000000
00000000000000000000000000000
00000000000000000000000000000
000000000000000000000000000000
000000000000000000000000000000
000000000000000000000000000000
000000000000000000000000000000
000000000000000000000000000000
000000000000000000000000000000
000000000000000000000000000000
000000000000000000000000000000
000000000000000000000000000000
000000000000000000000000000000
000000000000000000000000000000
000000000000000000000000000000
000000000000000000000000000000
000000000000000000000000000000
000000000000000000000000000000
000000000000000000000000000000
000000000000000000000000000000
000000000000000000000000000000
000000000000000000000000011111
000000000000000000000000000000
000000000000000000000000000000
000000000000000000000000000000
000000000000000000000000000000
000000000000000000000000000000
000011111111111111110000000000
000000000000000000000000000000
000000000000000000000000000000
000000000000000000000000000000
000000000000000000000000000000
