30 70
4 2 17 6
16 27 5 19
2 23 5 15
29 2 26 1
25 28 28 13
2 24 7 12
12 23 22 17
26 2 25 15
20 12 12 4
9 2 24 27
0 0 10 0
6 29 19 29
4 29 17 20
21 20 10 25
25 4 4 7
19 28 24 20
25 12 14 17
26 3 19 24
12 13 22 26
14 15 16 19
28 1 12 9
1 19 11 23
14 9 6 0
29 6 11 17
25 15 5 27
23 18 22 13
9 17 27 13
11 8 11 4
1 2 7 4
26 10 7 19
17 26 14 1
7 0 10 2
10 14 27 4
29 20 20 29
18 24 20 20
19 11 9 12
26 15 5 17
2 12 3 20
13 29 9 20
23 12 22 8
28 16 15 11
22 16 27 10
5 0 21 19
27 16 5 8
15 3 9 17
21 14 22 1
0 13 15 28
16 26 15 8
18 13 23 24
4 4 12 0
28 10 4 13
5 15 28 8
13 22 14 26
26 27 16 21
27 28 11 7
6 15 0 27
13 21 29 27
18 20 11 11
1 6 18 16
15 13 26 16
28 20 16 23
8 3 8 26
20 27 14 5
7 10 20 10
10 8 28 9
8 23 23 7
20 10 13 10
24 21 28 29
8 21 6 5
23 17 21 28
00000000000000000000000000000
00000000000000000000000000000
00000000000000000000000000000
00000000000000000000000000000
00000000000000000000000000000
00000000000000000000001000000
00000000000000000000001000000
00000000000000000000001000000
00000000000000000000001000000
00000000000000000000001000000
00000000000000000000001000000
00000000000000000000001000000
00000000000000000000001000000
00000000000000000000001000000
00000000000000000000001000000
00000000000000000000001000000
00000000000000000000001000000
00000000000000000000001000000
00000000000000000000001000000
00000000000000000000001000000
00000000000000000000001000000
00000000000000000000001000000
00000000000000000000001000000
00000000000000000000001000000
00000000000000000000000000000
00000000000000000000000000000
00000000000000000000000000000
00000000000000000000000000000
00000000000000000000000000000
00000000000000000000000000000
000000000000000000000000000000
000000000000000000000000000000
000000000000000000000000000000
000000000000000000000000000000
000000000000000000000000000000
000000000000000000000000000000
000000000000000000000000000000
000000000000000000000000000000
000000000000000000000000000000
000000000000000000000000000000
000000000000000000000000000000
000000000000000000000000000000
000000000000000000000000000000
000000000000000000000000000000
000000000000000000000000000000
000000000000000000000000000000
000000000000000000000000000000
111111111111111100000000000000
000000000000000000000000000000
000000000000000000000000000000
000000000000000000000000000000
000000000000000000000000000000
000000000000000000000000000000
000000000000000000000000000000
000000000000000000000000000000
000000000000000000000000000000
000000000000000000000000000000
000000000000000000000000000000
000000000000000000000000000000
