30 38
28 28 6 12
6 17 6 15
8 16 17 22
10 28 3 15
21 20 22 28
2 20 21 18
7 2 3 11
21 15 3 29
14 25 14 10
21 14 8 2
26 21 5 19
29 22 25 27
4 20 22 10
24 6 28 20
1 21 13 3
0 20 9 28
15 7 22 13
16 18 12 3
23 19 17 14
5 1 26 5
5 11 18 19
22 4 26 20
24 27 9 24
10 10 18 1
25 22 27 17
7 3 10 21
13 18 9 17
21 21 28 23
13 23 20 8
27 16 16 13
9 15 22 15
2 5 1 11
13 7 2 3
5 16 5 3
0 3 25 3
23 10 11 11
5 21 27 21
17 21 19 12
00000000000000000000000000000
00000000000000000000000000000
00000000000000000000000000000
00000000000000000000000000000
00000000000000000000000000000
00000000000000000000000000000
00000000000000000000000000000
00000000000000000000000000000
00000000000000000000000000000
00000000000000000000000000000
00000000000000000000000000000
00000000000000000000000000000
00000000000000000000000000000
00000000000000000000000000000
00000000000000000000000000000
00000000000000000000000000000
00000000000000000000000000000
00000000000000000000000000000
00000000000000000000000000000
00000000000000000000000000000
00000000000000000000000000000
00000000000000000000000000000
00000000000000000000000000000
00000000000000000000000000000
00000000000000000000000000000
00000000000000000000000000000
00000000000000000000000000000
00000000000000000000000000000
00000000000000000000000000000
00000000000000000000000000000
000000000000000000000000000000
000000000000000000000000000000
000000000000000000000000000000
000000000000000000000000000000
000000000000000000000000000000
000000000000000000000000000000
000000000000000000000000000000
000000000000000000000000000000
000000000000000000000000000000
000000000000000000000000000000
000000000000000000000000000000
000000000000000000000000000000
000000000000000000000000000000
000000000000000000000000000000
000000000000000000000000000000
000000000000000000000000000000
000000000000000000000000000000
111111111111111110000000000000
000000000000000000000000000000
000000000000000000000000000000
000000000000000000000000000000
000000000000000000000000000000
000000000000000000000000000000
000000000000000000000000000000
000000000000000000000000000000
000000000000000000000000000000
000000000000000000000000000000
000000000000000000000000000000
000000000000000000000000000000
