30 11
1 3 5 12
26 27 19 21
28 22 22 26
23 3 8 14
22 8 24 18
14 17 18 5
1 29 21 5
2 14 28 6
27 15 7 1
23 21 3 0
17 12 8 9
00000000000000000000000000000
00000000000000000000000000000
00000000000000001000000000000
00000000000000001000000000000
00000000000000001000000000000
00000000000000001000000000000
00000000000000001000000000000
00000000000000001000000000000
00000000000000001000000000000
00000000000000001000000000000
00000000000000001000000000000
00000000000000001000000000000
00000000000000001000000000000
00000000000000001000000000000
00000000000000001000000000000
00000000000000001000000000000
00000000000000000000000000000
00000000000000000000000000000
00000000000000000000000000000
00000000000000000000000000000
00000000000000000000000000000
00000000000000000000000000000
00000000000000000000000000000
00000000000000000000000000000
00000000000000000000000000000
00000000000000000000000000000
00000000000000000000000000000
00000000000000000000000000000
00000000000000000000000000000
00000000000000000000000000000
000000000000000000000000000000
000000000000000000000000000000
000000000000000000000000000000
000000000000000000000000000000
000000000000000000000000000000
000000000000000000000000000000
000000000000000000000000000000
000000000000000000000000000000
000000000000000000000000000000
000000000000000000000000000000
000000000000000000000000000000
000000000000000000000000000000
000000000000000000000000000000
000000000000000000000000000000
000000000000000000000111111111
000000000000000000000000000000
000000000000000000000000000000
000000000000000000000000000000
000000000000000000000000000000
000000000000000000000000000000
000000000000000000000000000000
000000000000000000000000000000
000000000000000000000000000000
000000000000000000000000000000
000000000000000000000000000000
000000000000000000000000000000
000000000000000000000000000000
000000000000000000000000000000
000000000000000000000000000000
