30 40
9 0 0 7
4 25 18 26
16 23 17 11
22 18 3 16
20 1 13 19
1 1 13 21
1 6 0 16
7 21 16 29
24 13 22 20
16 7 2 22
3 20 25 24
26 14 28 21
16 18 2 27
11 26 26 25
13 12 16 3
13 6 26 3
8 29 5 17
17 23 28 6
4 23 16 5
14 21 25 5
0 14 3 21
18 26 19 21
13 28 11 27
5 8 7 27
26 22 20 6
15 22 29 21
16 17 4 20
5 23 5 26
10 7 12 20
0 9 5 24
4 20 13 13
26 11 13 6
4 2 29 16
14 10 10 23
23 10 26 18
7 13 2 24
22 3 27 20
29 29 15 28
8 22 12 22
26 16 14 2
00000000000000000000000000000
00000000000000000000000000000
00000000000000000000000000000
00000000000000000000000000000
00000000000000000000000000000
00000000000000000000000000000
00000000000000000000000000000
00000000000000000000000000000
00000000000000000000000000000
00000000000000000000000000000
00000000000000000000000000000
00000000000000000000000000000
00000000000000000000000000000
00000000000000000000000000000
00000000000000000000000000000
00000000000000000000000000000
00000000000000000000000000000
00000000000000000000000000000
00000000000000000000000000000
00000000000000000000000000000
00000000000000000000000000000
00000000000000000000000000000
00000000000000000000000000000
00000000000000000000000000000
00000000000000000000000000000
00000000000000000000000000000
00000000000000000000000000000
00000000000000000000000000000
00000000000000000000000000000
00000000000000000000000000000
000000000000000000000000000000
000000000000000000000000000000
000000000000000000000000000000
000000000000000000000000000000
000000000000000000000000000000
000000000000000000000000000000
000000000000000000000000000000
000000000000000000000000000000
000000000000000000000000000000
000000000000000000000000000000
000000000000000000000000000000
000000000000000000000000000000
000000000000000000000000000000
000000000000000000000000000000
000000000000000000000000000000
000000000001111111111111111000
000000000000000000000000000000
000000000000000000000000000000
000000000000000000000000000000
000000000000000000000000000000
000000000000000000000000000000
000000000000000000000000000000
000000000000000000000000000000
000000000000000000000000000000
000000000000000000000000000000
000000000000000000000000000000
000000000000000000000000000000
000000000000000000000000000000
000000000000000000000000000000
