30 58
16 21 3 18
19 0 20 9
24 29 18 27
11 10 18 12
16 13 17 16
24 13 0 25
4 4 3 12
20 23 23 2
23 15 18 19
27 0 13 28
24 25 7 19
7 6 24 11
28 2 12 17
8 22 5 4
7 2 14 4
6 13 15 25
17 16 19 27
22 4 20 19
1 17 19 12
3 15 15 14
28 29 15 2
17 26 28 25
3 27 2 23
29 20 27 18
2 25 8 24
0 13 20 13
17 23 19 5
10 0 16 29
16 12 13 23
25 9 26 1
13 10 8 23
2 22 3 20
3 11 14 3
10 18 4 5
3 6 24 13
0 25 10 29
16 14 10 26
4 19 2 13
8 17 7 1
7 5 0 2
16 18 16 14
21 18 6 12
27 2 14 18
21 1 24 26
5 20 8 18
27 17 3 25
28 14 21 27
1 21 4 4
26 8 3 22
17 11 7 20
14 2 3 9
1 1 21 5
27 19 28 11
7 12 3 28
28 25 11 23
22 26 8 27
0 29 28 14
28 8 4 15
00000000000000000000000000000
00000000000000000000000000000
00000000000000000000000000000
00000000000000000000000000000
00000000000000000000000000000
00000000000000000000000000000
00000000000000000000000000000
00000000000000000000000000000
00000000000000000000000000000
00000000000000000000000000000
00000000000000000000000000000
00000000000000000000000000000
00000000000000000000000000000
00000000000000000000000000000
00000000000000000000000000000
00000000000000000000000000000
00000000000000000000000000000
00000000000000000000000000000
00000000000000000000000000000
00000000000000000000000000000
00000000000000000000000000000
00000000000000000000000000000
00000000000000000000000000000
00000000000000000000000000000
00000000000000000000000000000
00000000000000000000000000000
00000000000000000000000000000
00000000000000000000000000000
00000000000000000000000000000
00000000000000000000000000000
000000000000000000000000000000
000000000000000000000000000000
000000000000000000000000000000
000000000000000000000000000000
000000000000000000000000000000
000000000000000000000000000000
000000000000000000000000000000
000000000000000000000000000000
000000000000000000000000000000
000000000000000000000000000000
000000000000000000000000000000
000000000000000000000000000000
000000000000000000000000000000
000000000000000000000000000000
000000000000000000000000000000
000000000000000000000000000000
000000000000000000000000000000
000000000000000000000000000000
000000000000000000000000000000
000000000000000000000000000000
000000000000000000000000000000
000000000000000000000000000000
000111111111111111111110000000
000000000000000000000000000000
000000000000000000000000000000
000000000000000000000000000000
000000000000000000000000000000
000000000000000000000000000000
000000000000000000000000000000
