30 53
6 0 23 23
24 27 23 28
15 6 27 10
28 8 16 25
1 27 11 19
11 28 28 24
0 10 5 5
21 13 13 29
21 28 23 1
19 8 11 27
11 7 28 27
10 3 13 20
28 28 1 11
2 9 14 29
26 5 18 21
12 3 1 13
18 16 29 14
11 23 13 28
29 25 3 28
14 3 21 28
6 7 2 9
27 6 28 29
4 23 6 6
0 27 14 0
1 11 10 12
14 1 6 3
7 21 18 18
11 22 1 6
29 20 3 21
29 2 13 10
5 4 28 15
19 3 26 1
20 25 21 24
9 7 7 23
5 22 17 3
9 15 29 0
12 6 2 24
8 23 5 22
28 9 22 16
20 13 20 5
13 6 22 14
16 14 21 3
9 6 5 18
8 1 18 8
4 8 21 12
8 20 25 8
2 21 6 9
1 21 7 16
29 10 24 19
16 11 25 6
26 24 25 16
5 27 1 18
19 23 17 6
00000000000000000000000000000
00000000000000000000000000000
00000000000000000000000000000
00000000000000000000000000000
00000000000000000000000000000
00000000000000000000000000000
00000000000000000000000000000
00000000000000000000000000000
00000000000000000000000000000
00000000000000000000000000000
00000000000000000000000000000
00000000000000000000000000000
00000000000000000000000000000
00000000000000000000000000000
00000000000000000000000000000
00000000000000000000000000000
00000000000000000000000000000
00000000000000000000000000000
00000000000000000000000000000
00000000000000000000000000000
00000000000000000000000000000
00000000000000000000000000000
00000000000000000000000000000
00000000000010000000000000000
00000000000010000000000000000
00000000000010000000000000000
00000000000010000000000000000
00000000000010000000000000000
00000000000010000000000000000
00000000000010000000000000000
000000000000000000000000000000
000000000000000000000000000000
000000000000000000000000000000
000000000000000000000000000000
000000000000000000000000000000
000000000000000000000000000000
000000000000000000000000000000
000000000000000000000000000000
000000000000000000000000000000
001111111111111111110000000000
000000000000000000000000000000
000000000000000000000000000000
000000000000000000000000000000
000000000000000000000000000000
000000000000000000000000000000
000000000000000000000000000000
000000000000000000000000000000
000000000000000000000000000000
000000000000000000000000000000
000000000000000000000000000000
000000000000000000000000000000
000000000000000000000000000000
000000000000000000000000000000
000000000000000000000000000000
000000000000000000000000000000
000000000000000000000000000000
000000000000000000000000000000
000000000000000000000000000000
000000000000000000000000000000
