30 88
10 29 15 0
25 29 21 7
7 13 20 15
22 10 22 19
10 14 20 21
7 28 10 23
6 15 3 4
5 11 18 28
4 22 12 19
26 19 12 29
23 18 3 3
8 29 20 20
18 21 29 12
8 19 10 11
27 18 5 24
23 19 1 22
20 18 13 24
6 18 28 10
19 17 4 16
15 4 18 19
22 16 25 28
25 13 14 1
3 28 19 5
5 18 14 23
16 21 16 27
16 23 26 8
12 15 26 4
8 25 12 21
2 28 5 3
24 15 16 6
27 17 7 20
23 13 23 5
18 6 9 1
12 16 0 21
3 22 10 10
22 4 20 27
1 27 15 3
13 12 7 16
13 19 26 12
20 28 20 28
5 7 23 1
2 25 2 5
19 1 10 1
26 15 2 28
28 11 18 27
24 29 20 6
29 0 3 29
5 12 12 4
29 11 5 5
16 8 18 5
12 10 5 16
2 23 8 3
19 15 27 10
2 26 0 1
24 7 5 11
5 29 11 17
26 17 22 11
3 8 20 10
20 3 8 13
25 15 22 29
9 29 4 12
22 18 18 17
7 19 6 2
10 21 19 6
16 28 24 8
8 14 0 28
24 8 11 20
20 0 20 16
10 25 24 29
28 9 6 14
15 11 5 17
2 17 24 2
15 17 29 24
8 24 21 13
9 13 17 16
25 14 14 20
10 11 18 14
29 2 12 2
18 15 10 6
21 26 6 25
9 23 17 8
3 4 9 0
16 19 26 26
25 11 23 4
3 14 0 5
14 21 22 7
0 4 0 20
18 20 13 25
00000000000001000000000000000
00000000000001000000000000000
00000000000001000000000000000
00000000000001000000000000000
00000000000001000000000000000
00000000000001000000000000000
00000000000001000000000000000
00000000000001000000000000000
00000000000001000000000000000
00000000000001000000000000000
00000000000001000000000000000
00000000000001000000000000000
00000000000001000000000000000
00000000000001000000000000000
00000000000001000000000000000
00000000000001000000000000000
00000000000001000000000000000
00000000000001000000000000000
00000000000000000000000000000
00000000000000000000000000000
00000000000000000000000000000
00000000000000000000000000000
00000000000000000000000000000
00000000000000000000000000000
00000000000000000000000000000
00000000000000000000000000000
00000000000000000000000000000
00000000000000000000000000000
00000000000000000000000000000
00000000000000000000000000000
000000000000000000000000000000
000000000000000000000000000000
000000000000000000000000000000
000000000000000000000000000000
000000000000000000000000000000
000000000000000000000000000000
000000000000000000000000000000
000000000000000000000000000000
000000000000000000000000000000
000000000000000000000000000000
000000000000000000000000000000
000000000000000000000000000000
000000000000000000000000000000
000000000000000000000000000000
000000000000000000000000000000
000000011111111111111110000000
000000000000000000000000000000
000000000000000000000000000000
000000000000000000000000000000
000000000000000000000000000000
000000000000000000000000000000
000000000000000000000000000000
000000000000000000000000000000
000000000000000000000000000000
000000000000000000000000000000
000000000000000000000000000000
000000000000000000000000000000
000000000000000000000000000000
000000000000000000000000000000
