30 44
20 26 18 8
26 2 27 16
5 3 10 10
9 24 24 15
9 11 18 18
15 17 23 15
22 29 24 9
18 27 11 28
24 5 25 13
4 5 25 28
20 7 22 7
16 13 20 0
8 29 27 18
3 29 14 18
2 18 8 28
11 22 9 4
6 4 10 11
21 2 20 25
16 7 3 24
20 27 27 21
10 19 29 6
17 6 27 9
10 22 21 17
9 3 4 13
23 1 10 4
1 2 7 25
1 17 25 23
13 11 19 12
20 9 9 23
17 10 1 19
22 3 1 5
20 2 0 20
24 23 14 4
23 12 3 23
16 12 13 3
16 28 17 14
4 26 6 6
9 20 0 12
4 13 27 7
28 4 6 21
27 11 9 14
3 27 9 2
0 10 21 10
13 26 24 2
00000000000000000000000000000
00000000000000000000000000000
00000000000000000000000000000
00000000000000000000000000000
00000000000000000000000000000
00000000000000000000000000000
00000000000000000000000000000
00000000000000000000000000000
00000000000000000000000000000
00000000000000000000000000000
00000000000000000000000000000
00000000000000000000000000000
00000000000000000000000000000
00000000000000000000000000000
00000000000000000000000000000
00000000000000000000000000000
00000000000000000000000000000
00000000000000000000000000000
00000000000000000000000000000
00000000000000000000000000000
00000000000000000000000000000
00000000000000000000000000000
00000000000000000000000000000
00000000000000000000000000000
00000000000000000000000000000
00000000000000000000000000000
00000000000000000000000000000
00000000000000000000000000000
00000000000000000000000000000
00000000000000000000000000000
000000000000000000000000000000
000000000000000000000000000000
000000000000000000000000000000
000000000000000000000000000000
000000000000000000000000000000
000000000000000000000000000000
000000000000000000000000000000
000000000000000000000000000000
000000000000000000000000000000
000000000000000000000000000000
000000000000000000000000000000
000000000000000111111111111111
000000000000000000000000000000
000000000000000000000000000000
000000000000000000000000000000
000000000000000000000000000000
000000000000000000000000000000
000000000000000000000000000000
000000000000000000000000000000
000000000000000000000000000000
000000000000000000000000000000
000000000000000000001111111111
000000000000000000000000000000
000000000000000000000000000000
000000000000000000000000000000
000000000000000000000000000000
000000000000000000000000000000
000000000000000000000000000000
000000000000000000000000000000
