30 49
11 4 13 22
28 7 9 24
22 13 27 26
12 21 4 19
20 28 1 14
13 17 18 10
20 25 15 11
2 22 25 23
8 8 13 14
16 18 5 24
21 22 12 7
13 19 1 11
27 27 10 27
23 16 1 22
13 12 9 7
1 13 6 17
15 15 7 0
29 24 29 19
27 11 4 7
13 21 3 0
18 18 15 24
14 6 8 28
3 14 13 0
0 19 0 23
20 27 7 19
13 10 5 2
19 19 24 10
19 6 28 10
10 7 14 16
9 15 26 24
14 27 13 17
13 9 14 4
5 21 18 17
17 1 5 1
15 22 19 4
28 26 19 8
29 5 22 23
4 8 12 21
0 9 19 25
0 23 3 25
2 18 27 4
28 8 7 17
20 23 10 5
8 11 28 13
18 19 25 8
11 18 29 6
7 25 12 29
27 1 15 13
11 25 19 16
00000000000000000000000000000
00000000000000000000000000000
00000000000000000000000000000
00000000000000000000000000000
00000000000000000000000000000
00000000000000000000000000000
00000000000000000000000000000
00000000000000000000000000000
00000000000000000000000000000
00000000000000000000000000000
00000000000000000000000000000
00000000000000000000000000000
00000000000000000000000000000
00000000000000000000000000000
00000000000000000000000000000
00000000000000000000000000000
00000000000000000000000000000
00000000000000000000000000000
00000000000000000000000000000
00000000000000000000000000000
00000000000000000000000000000
00000000000000000000000000000
00000000000000000000000000000
00000000000000000000000000000
00000000000000000000000000000
00000000000000000000000000000
00000000000000000000000000000
00000000000000000000000000000
00000000000000000000000000000
00000000000000000000000000000
000000000000000000000000000000
000000000000000000000000000000
000000000000000000000000000000
000000000000000000000000000000
000000000000000000000000000000
000000000000000000000000000000
000000000000000000000000000000
000000000000000000000000000000
000000000000000000000000000000
000000000000000000000000000000
000000000000000000000000000000
000000000000000000000000000000
000000000000000000000000000000
000000000000000000000000000000
000000000000000000000000000000
000000000000000000000000000000
000000000000000000000000000000
000000000000000000000000000000
000000000000000000000000000000
000000000000000000000000000000
000000000000000000000000000000
000000000000000000000000000000
000001111111111111111111000000
000000000000000000000000000000
000000000000000000000000000000
000000000000000000000000000000
000000000000000000000000000000
000000000000000000000000000000
000000000000000000000000000000
