30 82
24 1 4 21
9 10 3 17
14 21 4 29
6 5 0 25
26 4 14 5
0 29 0 9
16 2 21 3
3 28 25 2
14 13 11 22
16 17 21 14
22 2 1 21
26 13 26 27
6 11 0 8
16 1 13 1
17 7 5 20
20 3 13 12
15 27 8 3
9 8 12 16
18 14 18 8
29 18 9 23
2 8 27 25
16 29 21 21
9 12 15 20
5 25 26 10
2 11 28 24
25 7 25 11
1 13 19 27
22 28 9 20
17 0 12 0
10 15 9 1
4 7 1 7
21 2 20 23
17 6 21 19
21 14 20 15
5 5 12 22
3 22 18 19
19 16 13 11
15 14 19 10
5 15 4 10
21 13 0 2
21 11 18 7
23 23 22 5
8 5 23 28
19 0 9 22
6 16 0 27
24 8 27 7
26 6 7 5
8 27 6 6
9 2 28 12
26 26 21 8
8 9 15 26
28 13 26 24
13 16 25 5
5 29 9 0
25 17 15 2
12 19 8 25
25 24 17 24
21 4 16 4
28 16 29 18
3 16 7 26
19 14 2 19
3 10 10 3
18 1 19 24
22 13 1 15
20 2 26 23
9 1 22 14
10 6 22 0
15 25 8 2
13 4 3 28
13 11 3 8
2 9 21 25
1 6 20 11
11 18 15 25
14 11 22 21
16 24 19 15
23 18 22 6
17 25 11 16
26 23 25 27
24 27 28 23
12 2 0 18
12 9 29 0
13 18 13 23
00000000000000000000000000000
00000000000000000000000000000
00000000000000000000000000000
00000000000000000000000000000
00000000000000000000000000000
00000000000000000000000000000
00000000000000000000000000000
00000000000000000000000000000
00000000000000000000000000000
00000000000000000000000000000
00000000000000000000000000000
00000000000000000000000000000
00000000000000000000000000000
00000000000000000000000000000
00000000000000000000000000000
00000000000000000000000000000
00000000000000000000000000000
00000000000000000000000000000
00000000000000000000000000000
00000000000000000000000000000
00000000000000000000000000000
00000000000000000000000000000
00000000000000000000000000000
00000000000000000000000000000
00000000000000000000000000000
00000000000000000000000000000
00000000000000000000000000000
00000000000000000000000000000
00000000000000000000000000000
00000000000000000000000000000
000000000000000000000000000000
000000000000000000000000000000
000000000000000000000000000000
000000000000000000000000000000
000000000000000000000000000000
000000000000000000000000000000
000000000000000000000000000000
000000011111111111100000000000
000000000000000000000000000000
000000000000000000000000000000
000000000000000000000000000000
000000000000000000000000000000
000000000000000000000000000000
111111111111111111000000000000
000000000000000000000000000000
000000000000000000000000000000
000000000000000000000000000000
000000000000000000000000000000
000000000000000000000000000000
000000000000000000000000000000
000000000000000000000000000000
000000000000000000000000000000
000000000000000000000000000000
000000000000000000000000000000
000000000000000000000000000000
000000000000000000000000000000
000000000000000000000000000000
000000000000000000000000000000
000000000000000000000000000000
